,Unnamed: 0,cluster_id,stay_time,count
0,0,0,8.865266324993406,481
1,1,1,3.2847912236517214,790
2,2,2,4.081249434466237,882
3,3,3,4.904222389087426,988
4,4,4,4.559154989339471,720
5,5,5,3.36745514586987,860
6,6,6,4.513417387748127,584
7,7,7,4.057784491856902,589
8,8,8,3.3050753341877837,759
9,9,9,3.3797946913616865,799
10,10,10,3.4210176205775737,730
11,11,11,3.706974839203391,619
12,12,12,2.972240941534208,830
13,13,13,11.989650307639033,56
14,14,14,3.2502907733231954,869
15,15,15,4.9537720059038906,435
16,16,16,3.5703192534818617,708
17,17,17,3.733156174329901,545
18,18,18,2.7006930923525,910
19,19,19,11.268287898594437,278
20,20,20,5.5460990429490815,282
21,21,21,2.705953320110751,992
22,22,22,3.3594621255672226,477
23,23,23,3.964314870810549,669
24,24,24,4.385190994443564,541
25,25,25,7.489359743055929,450
26,26,26,2.9855575866440565,479
27,27,27,2.875333954680656,746
28,28,28,4.174094309115623,505
29,29,29,4.149712018827777,233
30,30,30,6.111868129677022,171
31,31,31,4.270292513853983,606
32,32,32,2.7020802095102137,947
33,33,33,3.4520121491732403,561
34,34,34,3.076644600951364,747
35,35,35,3.9147793818449967,343
36,36,36,3.3824180464576488,408
37,37,37,3.5300158483715403,681
38,38,38,3.947369295509952,911
39,39,39,3.7409822512910833,471
40,40,40,3.993043588845161,420
41,41,41,5.434185431879544,701
42,42,42,3.94918324553726,253
43,43,43,2.2920142438877007,608
44,44,44,4.0429695593584265,419
45,45,45,2.8413542292420897,691
46,46,46,5.027826251428038,376
47,47,47,7.667472932041229,162
48,48,48,3.3430800188424716,351
49,49,49,2.1231464086849265,738
50,50,50,5.235344980580578,577
51,51,51,3.2939406424912656,351
52,52,52,3.0892365753370847,474
53,53,53,3.493603256557504,518
54,54,54,7.204150321685291,339
55,55,55,3.8693149795752517,305
56,56,56,3.419200836259418,241
57,57,57,7.268137845770362,195
58,58,58,2.9776573810930382,455
59,59,59,2.4750160119487203,594
60,60,60,1.9413494458722795,830
61,61,61,3.476469305049168,202
62,62,62,2.541291699404542,424
63,63,63,2.7669680142052697,520
64,64,64,3.1292156846235604,366
65,65,65,4.92877856257934,215
66,66,66,3.963291015021188,262
67,67,67,2.1402970255292635,419
68,68,68,4.272263111524274,657
69,69,69,5.192196565652923,170
70,70,70,2.985452489513007,687
71,71,71,11.96890111046361,6
72,72,72,3.2309810932012746,185
73,73,73,2.7245513423758845,211
74,74,74,2.8838369330308464,329
75,75,75,2.8978741552646903,556
76,76,76,2.8335608923959232,310
77,77,77,2.6166156690658857,447
78,78,78,5.197999438003985,99
79,79,79,7.429829383759419,185
80,80,80,3.275093493869431,305
81,81,81,2.4241339856474338,478
82,82,82,5.359889664953462,161
83,83,83,4.1988843637929705,162
84,84,84,2.484213512707308,467
85,85,85,5.2134288092466115,210
86,86,86,9.044377100021856,92
87,87,87,2.205740691500885,466
88,88,88,2.1708963460671837,778
89,89,89,3.7478316678059658,198
90,90,90,32.31370405982906,5
91,91,91,2.1068204193341638,527
92,92,92,3.3632194496058,213
93,93,93,2.3701069030390896,686
94,94,94,9.608171521534187,63
95,95,95,2.9601862611869976,226
96,96,96,5.510867100129454,236
97,97,97,10.529843828462138,181
98,98,98,3.8806025569302496,396
99,99,99,4.0408585826428025,211
100,100,100,2.4025706045157205,956
101,101,101,3.680538363261627,705
102,102,102,3.156559980486564,498
103,103,103,3.0563819743203364,871
104,104,104,7.2110353802528815,154
105,105,105,16.388436150422777,106
106,106,106,2.9737450523949747,809
107,107,107,3.436391929554389,136
108,108,108,2.8681834777557045,833
109,109,109,2.9015554221773816,377
110,110,110,2.497590464027176,710
111,111,111,6.388409926341865,114
112,112,112,2.781984129947004,609
113,113,113,12.350985006038359,100
114,114,114,2.1302040843295806,703
115,115,115,5.657464579614648,198
116,116,116,3.4327921235568972,765
117,117,117,3.126625601322084,344
118,118,118,17.577944648604507,132
119,119,119,3.7865815961640847,123
120,120,120,2.395505451117119,664
121,121,121,7.941184261609322,164
122,122,122,15.87606607163106,150
123,123,123,23.52184090549769,89
124,124,124,17.254745698261594,61
125,125,125,2.8609711312673887,496
126,126,126,1.8960297149022844,655
127,127,127,12.39402317480124,118
128,128,128,3.590491412133153,178
129,129,129,3.3667451407127893,787
130,130,130,6.23863004762019,154
131,131,131,10.853771416044225,178
132,132,132,10.691506884932457,148
133,133,133,2.387428739075773,740
134,134,134,2.279339768178994,624
135,135,135,5.209634819603639,97
136,136,136,5.651281434601714,88
137,137,137,3.0013153683417784,280
138,138,138,3.184351908457462,845
139,139,139,3.4721041753740085,859
140,140,140,4.686356605971131,208
141,141,141,6.5074249861361615,206
142,142,142,2.7809384881766794,463
143,143,143,5.326952586430559,181
144,144,144,7.268006823063148,179
145,145,145,1.9949307067362418,747
146,146,146,6.519925626225304,162
147,147,147,2.058968641430676,868
148,148,148,4.403117212637534,186
149,149,149,2.8698867439594573,260
150,150,150,1.8722724521310252,615
151,151,151,2.7643154457950714,930
152,152,152,23.354737758074926,81
153,153,153,2.8366696882132545,391
154,154,154,3.21687568189206,151
155,155,155,2.0999736762255257,739
156,156,156,4.9915799362956985,170
157,157,157,2.282432550809925,761
158,158,158,2.490113896349284,307
159,159,159,2.8347097886671047,369
160,160,160,4.5860818062915305,174
161,161,161,6.512820105544313,281
162,162,162,14.515496360368974,151
163,163,163,3.4928034321821664,460
164,164,164,14.330786498605287,140
165,165,165,14.157580177546892,118
166,166,166,3.7297217017112834,270
167,167,167,2.445287597072591,463
168,168,168,3.9145568271127815,171
169,169,169,12.434987250253961,99
170,170,170,3.2801595252613325,441
171,171,171,10.382339365836613,105
172,172,172,12.77516636784059,122
173,173,173,2.709021960734141,917
174,174,174,10.94616082282352,157
175,175,175,2.592726699362641,384
176,176,176,7.126823899205514,164
177,177,177,3.7719023892949024,212
178,178,178,2.0852522927575183,729
179,179,179,24.22263171335022,145
180,180,180,2.381624142058105,469
181,181,181,16.086310484099883,80
182,182,182,2.83524767323968,155
183,183,183,3.051991095082589,594
184,184,184,5.053128146418243,126
185,185,185,1.888141279643867,721
186,186,186,2.1080015130280945,843
187,187,187,2.4439469640002627,819
188,188,188,3.677285137387076,562
189,189,189,2.7459338883662707,330
190,190,190,2.463361989141553,347
191,191,191,4.888540592092784,134
192,192,192,2.352395205557338,782
193,193,193,10.86080832867525,118
194,194,194,26.154245294391643,28
195,195,195,6.172578722314764,153
196,196,196,4.618169781887064,181
197,197,197,8.480618971965352,154
198,198,198,4.0865864884180425,405
199,199,199,3.698910050286129,234
200,200,200,17.193825484079934,83
201,201,201,22.95285383084176,44
202,202,202,4.3205723397153015,171
203,203,203,7.3021937715598355,111
204,204,204,3.2803698708250595,475
205,205,205,2.8875557286419378,370
206,206,206,2.0160106613569444,888
207,207,207,2.2276970838020462,742
208,208,208,2.745901454005653,711
209,209,209,4.0346157647288035,277
210,210,210,2.201473686837569,733
211,211,211,10.202241843663078,127
212,212,212,8.942408983324238,69
213,213,213,5.086629570679309,136
214,214,214,15.87071776413065,116
215,215,215,5.0695266711922615,375
216,216,216,21.751669254736882,64
217,217,217,2.1659847043634266,416
218,218,218,2.5018396764054627,222
219,219,219,2.195038771922336,303
220,220,220,4.232561989622234,136
221,221,221,5.383951909300903,139
222,222,222,2.3159671844709364,140
223,223,223,3.0751489984925247,895
224,224,224,1.9289930113612992,574
225,225,225,2.092380763027354,664
226,226,226,3.0796767013038586,683
227,227,227,3.6585948642427417,340
228,228,228,21.091904133945135,30
229,229,229,9.404838015881934,58
230,230,230,23.56593740848029,19
231,231,231,3.203407547423686,315
232,232,232,21.966871538586663,50
233,233,233,9.055103153491842,134
234,234,234,10.918595806715953,161
235,235,235,3.6466231992918736,84
236,236,236,1.8714790732893798,580
237,237,237,2.1255245610876496,425
238,238,238,13.665095097257725,152
239,239,239,3.156954324227924,248
240,240,240,2.2990250437077617,433
241,241,241,6.602686254972709,140
242,242,242,2.8912556982416504,408
243,243,243,5.550346258697194,213
244,244,244,15.600869373513136,107
245,245,245,6.155778228605326,58
246,246,246,2.786783857612586,210
247,247,247,17.103715592863153,67
248,248,248,11.906641484175287,103
249,249,249,7.172532076151729,126
250,250,250,2.997648965531587,381
251,251,251,4.3587785497558444,75
252,252,252,3.813175228755772,297
253,253,253,3.058547827982899,645
254,254,254,28.19013639187588,51
255,255,255,14.200216680029454,122
256,256,256,5.41044184732337,124
257,257,257,3.4481664364042075,554
258,258,258,2.2592378223610017,454
259,259,259,11.230589235761379,102
260,260,260,11.163968840509956,158
261,261,261,2.4357792298949716,850
262,262,262,2.9602108141582613,354
263,263,263,2.9882817380915827,223
264,264,264,2.2266107343811234,713
265,265,265,2.439701739429617,190
266,266,266,2.3645216339617443,642
267,267,267,3.248554199731783,653
268,268,268,8.543546075860457,126
269,269,269,2.2786879669971016,334
270,270,270,3.0139510371481912,452
271,271,271,19.90791197425867,33
272,272,272,1.9574212445791124,483
273,273,273,5.379838568209684,188
274,274,274,12.64100127295666,90
275,275,275,12.24129886808908,92
276,276,276,2.2556012586413963,498
277,277,277,2.799196554563895,224
278,278,278,4.446655886105209,76
279,279,279,2.4418810009771565,807
280,280,280,1.8113633622898344,568
281,281,281,2.692313955804136,261
282,282,282,2.5380074392508343,622
283,283,283,17.30894890579358,76
284,284,284,13.0578285671409,144
285,285,285,14.804743617314065,99
286,286,286,2.1817661145302183,588
287,287,287,3.6547199285965,248
288,288,288,17.52546456578342,25
289,289,289,7.925433797295918,144
290,290,290,10.15744112124357,123
291,291,291,3.4756412446844016,495
292,292,292,5.009211028522016,204
293,293,293,23.79708693372257,62
294,294,294,10.424446129061693,132
295,295,295,20.469064707993425,35
296,296,296,1.925630747609661,802
297,297,297,12.028337508252001,70
298,298,298,27.822006644054014,16
299,299,299,2.1399603513571392,319
300,300,300,24.025366934481077,68
301,301,301,23.33917774938257,19
302,302,302,5.362140647136736,162
303,303,303,3.211467909338399,266
304,304,304,22.86835368232932,54
305,305,305,2.2106341784693835,430
306,306,306,2.1504375885929368,946
307,307,307,1.8121307541011682,749
308,308,308,2.955284228416556,788
309,309,309,2.2025829433911053,625
310,310,310,5.445178045097479,190
311,311,311,2.8713121873675287,701
312,312,312,4.805685919383159,385
313,313,313,2.3848289938090312,501
314,314,314,18.857970486276216,70
315,315,315,2.707303308323913,298
316,316,316,3.709133075819132,540
317,317,317,7.728825745277517,119
318,318,318,5.6890962358727455,222
319,319,319,2.6506467151809003,410
320,320,320,5.583170743122486,193
321,321,321,18.419050127810923,13
322,322,322,8.333105133359961,11
323,323,323,4.119347063275665,168
324,324,324,11.433779344058394,56
325,325,325,1.9266670549293363,530
326,326,326,2.4575989853318987,170
327,327,327,24.76912188793346,19
328,328,328,15.368736000328548,39
329,329,329,1.8705073841740825,613
330,330,330,17.465435659344163,102
331,331,331,8.908454465573785,18
332,332,332,3.499314176535876,163
333,333,333,2.3278910421450325,251
334,334,334,11.05845697582669,110
335,335,335,2.1183885715817183,537
336,336,336,4.266754807531049,173
337,337,337,19.012713082432025,85
338,338,338,34.66148148148148,3
339,339,339,12.922531763653488,101
340,340,340,20.999929751426105,22
341,341,341,4.743126981574107,208
342,342,342,4.906166552366312,217
343,343,343,3.077867492650313,571
344,344,344,17.050082370086105,57
345,345,345,11.287492606711767,88
346,346,346,3.723266826642951,387
347,347,347,2.8980155893098574,259
348,348,348,4.42519447747692,195
349,349,349,4.696435823641769,155
350,350,350,2.7983788246445807,353
351,351,351,18.445372675399067,42
352,352,352,3.2298125627720613,259
353,353,353,2.9090195290587997,205
354,354,354,51.205155723905726,12
355,355,355,4.0617093410936,191
356,356,356,2.487618395790675,516
357,357,357,4.121942141801303,311
358,358,358,2.289942672782737,466
359,359,359,2.0291677560878916,496
360,360,360,1.938845199557576,583
361,361,361,30.80086941873452,38
362,362,362,2.9370384914400125,264
363,363,363,15.172303010317565,13
364,364,364,2.846924749433833,206
365,365,365,2.8448164455303018,162
366,366,366,3.3407354271962615,325
367,367,367,1.9630368644057048,809
368,368,368,2.6784282306009883,306
369,369,369,1.8807317388696705,317
370,370,370,2.3083201083578433,458
371,371,371,14.460358474395418,129
372,372,372,2.7668295083658583,328
373,373,373,24.73407806587462,13
374,374,374,15.555878257455955,29
375,375,375,2.634501919145757,277
376,376,376,8.692177966726398,49
377,377,377,1.8073729435207024,540
378,378,378,37.36666350126615,10
379,379,379,2.9318703904344083,307
380,380,380,4.309268425868504,124
381,381,381,2.293573217753687,175
382,382,382,18.28782346230839,26
383,383,383,2.0731700126160733,344
384,384,384,8.325429456910937,162
385,385,385,17.33955780256758,38
386,386,386,2.7669542508025784,307
387,387,387,14.201086289261875,88
388,388,388,3.0692313401108184,431
389,389,389,4.9421123910176705,161
390,390,390,14.323586781261284,13
391,391,391,9.653859633633084,96
392,392,392,2.87157892450737,795
393,393,393,11.094743945341675,50
394,394,394,2.1090990171890245,764
395,395,395,3.666327679347342,124
396,396,396,2.5033740892138736,447
397,397,397,3.818562466643694,114
398,398,398,2.557768453407628,194
399,399,399,2.8289668295453625,490
400,400,400,2.6532724422517378,512
401,401,401,2.1646001902339056,271
402,402,402,2.5531299083974965,170
403,403,403,2.297164572714027,642
404,404,404,13.363607022385619,103
405,405,405,2.4034931082933384,89
406,406,406,15.204757675828596,32
407,407,407,2.002052521006821,405
408,408,408,4.068553304804231,201
409,409,409,2.6571804152613527,643
410,410,410,2.62373627692004,561
411,411,411,6.551557737673651,183
412,412,412,27.65408891418837,17
413,413,413,6.869195438832853,90
414,414,414,2.1229485957738268,767
415,415,415,9.72124418171476,34
416,416,416,2.022260253119849,928
417,417,417,1.8701871884810684,833
418,418,418,2.4145738145196924,267
419,419,419,4.809274635541216,110
420,420,420,3.4012761830320777,150
421,421,421,2.057621915292428,705
422,422,422,2.7908261890476393,766
423,423,423,2.512043319845149,252
424,424,424,3.413840341499259,223
425,425,425,8.898070388105939,88
426,426,426,14.122483307927427,44
427,427,427,19.0725363301959,79
428,428,428,2.825322799177848,594
429,429,429,2.3744227831039817,184
430,430,430,2.0359677512283136,923
431,431,431,2.407320345298461,217
432,432,432,6.478997876065495,180
433,433,433,2.5544031389997506,307
434,434,434,17.107982588676222,33
435,435,435,2.4922504678612984,175
436,436,436,8.373546549403926,49
437,437,437,1.9019061341376329,835
438,438,438,2.4037218417682755,250
439,439,439,3.1730929205441254,256
440,440,440,6.145411470456081,53
441,441,441,4.400975932648684,174
442,442,442,2.0581000901938413,933
443,443,443,13.292108496107536,53
444,444,444,2.5223486926525354,167
445,445,445,1.9386753982559293,372
446,446,446,2.667594022037654,312
447,447,447,27.162190978393284,18
448,448,448,5.87131345116621,149
449,449,449,2.9950972149102344,631
450,450,450,7.6316172887392595,29
451,451,451,3.474764352804544,131
452,452,452,1.9026528239747358,579
453,453,453,8.187993242421651,178
454,454,454,7.277700674832937,132
455,455,455,2.6461402657830653,374
456,456,456,2.0190473795120183,634
457,457,457,6.53623868808329,48
458,458,458,2.7162113951020443,217
459,459,459,11.3216348762596,84
460,460,460,2.719105232182509,343
461,461,461,2.9951688915477543,340
462,462,462,14.671170715943045,82
463,463,463,7.457576354502978,131
464,464,464,11.039648329564216,93
465,465,465,2.4786803206883894,380
466,466,466,5.1366409508419535,155
467,467,467,2.1342293610131637,781
468,468,468,2.0931024519851387,154
469,469,469,3.313769900176508,212
470,470,470,4.740030073153145,216
471,471,471,2.4227362814221958,204
472,472,472,2.5846368435574147,147
473,473,473,15.545750632438352,81
474,474,474,2.541912793642378,547
475,475,475,6.960606607154046,168
476,476,476,2.465239960862857,149
477,477,477,4.149805563766065,229
478,478,478,2.7361150347902483,176
479,479,479,11.664257481181565,33
480,480,480,1.912997764489549,637
481,481,481,5.5002844226760725,19
482,482,482,2.2409463675042356,300
483,483,483,10.037934400609073,95
484,484,484,2.4006158104214013,188
485,485,485,3.7535397505734176,191
486,486,486,15.803765328143015,63
487,487,487,2.4159612172672125,438
488,488,488,7.694403151245055,32
489,489,489,3.232890809716713,170
490,490,490,2.3692670819956825,245
491,491,491,7.826801408968369,23
492,492,492,15.429699726802594,29
493,493,493,11.291459220936526,48
494,494,494,2.585569905064983,258
495,495,495,3.710968728421529,233
496,496,496,3.383771143192812,209
497,497,497,2.4799498104673847,460
498,498,498,2.7561249319944037,176
499,499,499,2.96653260424798,153
500,500,500,3.1113283675061782,213
501,501,501,22.303356826107002,41
502,502,502,4.213788720816228,145
503,503,503,40.308703703703706,3
504,504,504,3.6334626311370144,231
505,505,505,5.832809413630858,169
506,506,506,2.448753679095685,326
507,507,507,13.05198526841112,90
508,508,508,17.02207740550963,49
509,509,509,4.887775873057846,178
510,510,510,5.007026749378265,123
511,511,511,10.004789671315,47
512,512,512,6.890041182620204,72
513,513,513,4.531071945912379,102
514,514,514,3.4179145891071987,16
515,515,515,3.094791038559844,317
516,516,516,6.488026130983948,60
517,517,517,2.1404813308398687,490
518,518,518,3.4308146457806115,215
519,519,519,2.0945554022769546,492
520,520,520,2.3271862715841043,606
521,521,521,2.7765057313711767,201
522,522,522,6.536460842173699,108
523,523,523,8.364806120256105,103
524,524,524,8.751185690752164,166
525,525,525,2.2628961362622646,268
526,526,526,11.715622188678589,50
527,527,527,3.096074820382994,464
528,528,528,4.805954693604455,87
529,529,529,9.845516047597739,102
530,530,530,5.982520826420183,187
531,531,531,8.183170446715733,92
532,532,532,5.761693429577112,51
533,533,533,4.520386946793456,185
534,534,534,30.70192876058838,7
535,535,535,4.527443335178869,163
536,536,536,6.159447496928732,122
537,537,537,5.034321505518595,221
538,538,538,10.21009457467234,28
539,539,539,4.7794913656790845,191
540,540,540,9.546831243462707,37
541,541,541,2.2978239667581506,277
542,542,542,12.176956172385895,38
543,543,543,9.359494539694653,73
544,544,544,4.167968951566089,34
545,545,545,7.433678796588224,143
546,546,546,4.436262998734802,171
547,547,547,2.6263739908613184,245
548,548,548,2.311317125834842,417
549,549,549,2.316276501382025,171
550,550,550,5.769887994904911,135
551,551,551,2.5093779890299195,246
552,552,552,0.0,0
553,553,553,7.402941805030522,42
554,554,554,6.2747760578424225,146
555,555,555,6.715493269416792,62
556,556,556,2.7535250930619117,245
557,557,557,23.144567874290704,5
558,558,558,3.4659339517453014,243
559,559,559,5.547302262435223,74
560,560,560,6.504456104476763,141
561,561,561,0.0,0
562,562,562,2.9229763713028465,242
563,563,563,2.895708824404834,288
564,564,564,3.842950471522301,17
565,565,565,12.194293785743337,56
566,566,566,2.3981031900100924,576
567,567,567,15.511947809037828,35
568,568,568,4.6233602254218,17
569,569,569,20.59903588707282,33
570,570,570,2.695159263661912,236
571,571,571,0.0,0
572,572,572,12.074583536261606,48
573,573,573,2.340775229256199,185
574,574,574,5.374535827432792,199
575,575,575,2.0195222612120434,328
576,576,576,10.020383319655767,111
577,577,577,6.327788527303466,82
578,578,578,6.799243511096432,24
579,579,579,21.295698924731184,3
580,580,580,7.888453296344722,103
581,581,581,12.035325851956275,133
582,582,582,2.326277937826416,404
583,583,583,9.117777777777778,1
584,584,584,6.870808285292863,68
585,585,585,7.141350303177774,76
586,586,586,6.231546115304655,58
587,587,587,6.3299823752941835,22
588,588,588,2.3791463053128354,166
589,589,589,3.256909762574627,13
590,590,590,8.857190255155745,54
591,591,591,6.441794994451104,47
592,592,592,2.2344106931222902,272
593,593,593,0.0,0
594,594,594,2.513530743635521,142
595,595,595,5.078278449071211,122
596,596,596,2.5807215978352414,267
597,597,597,17.220838210644697,33
598,598,598,12.616604029178676,20
599,599,599,4.711420898369852,140
600,600,600,2.9188080734956605,346
601,601,601,9.24368163915123,22
602,602,602,2.4940637008659072,289
603,603,603,10.315512118651245,27
604,604,604,2.450096451940705,130
605,605,605,9.012548341080977,81
606,606,606,8.553410822340032,83
607,607,607,2.2655097805594515,211
608,608,608,2.639911874268821,226
609,609,609,17.968152929591017,33
610,610,610,0.0,0
611,611,611,15.936497866068525,6
612,612,612,4.126884455556007,155
613,613,613,4.5422302296075685,20
614,614,614,2.579014906472666,235
615,615,615,2.2742245353711006,264
616,616,616,2.0541393863937807,406
617,617,617,2.348866925013511,237
618,618,618,2.9671065707889537,226
619,619,619,2.329056970260464,354
620,620,620,2.0704407610518505,636
621,621,621,23.239383667187447,45
622,622,622,10.961825930130123,85
623,623,623,4.528807062057343,34
624,624,624,2.2608876248381264,330
625,625,625,3.851254946985308,17
626,626,626,2.4511002674153457,180
627,627,627,3.748334773304793,116
628,628,628,14.902385351547014,57
629,629,629,16.98400374280284,40
630,630,630,6.840936522992745,55
631,631,631,2.4123132433775747,309
632,632,632,1.8857806988180592,279
633,633,633,10.900201444604797,15
634,634,634,5.795816846688231,62
635,635,635,2.579233881406352,263
636,636,636,60.95416666666666,2
637,637,637,2.1222125841415616,12
638,638,638,5.62832142281751,21
639,639,639,3.2691731529398718,169
640,640,640,2.5223961603227263,334
641,641,641,26.657379439556863,5
642,642,642,5.762854727082837,47
643,643,643,2.693240480675149,227
644,644,644,5.79416170377118,18
645,645,645,8.916565953159564,26
646,646,646,6.519801088931737,120
647,647,647,12.529507492056792,39
648,648,648,5.949662046379405,62
649,649,649,9.814305731149453,74
650,650,650,5.295923700793968,120
651,651,651,12.478186443562555,86
652,652,652,3.718481647255927,218
653,653,653,9.037701895336554,68
654,654,654,3.0874565747432032,14
655,655,655,6.616286656790102,83
656,656,656,4.845021025732134,31
657,657,657,3.696268610206936,45
658,658,658,4.1431768372613105,258
659,659,659,3.209113961749112,257
660,660,660,6.580648258289251,36
661,661,661,2.5972254216786674,158
662,662,662,3.458010683501285,131
663,663,663,2.9395895543285784,278
664,664,664,2.314812251458312,287
665,665,665,78.4875,1
666,666,666,17.068683875437742,82
667,667,667,2.0393704274976807,261
668,668,668,21.556891614541087,34
669,669,669,3.053324989177257,11
670,670,670,4.99374146598969,134
671,671,671,7.239375693331058,65
672,672,672,13.122038888217785,18
673,673,673,7.4828322141068355,13
674,674,674,3.83108300729922,174
675,675,675,4.001722412013698,177
676,676,676,4.320761157509277,140
677,677,677,3.0124787311665417,149
678,678,678,2.6091271809215093,244
679,679,679,0.0,0
680,680,680,2.8065358309071438,223
681,681,681,2.660725180740939,280
682,682,682,5.945581327932643,76
683,683,683,8.106794206198101,31
684,684,684,2.518974496924188,240
685,685,685,6.420103943605839,46
686,686,686,2.204094766627075,154
687,687,687,1.5779670587900283,83
688,688,688,3.887647048764748,60
689,689,689,3.550493480560558,153
690,690,690,8.16757963841061,38
691,691,691,2.0528801026374315,258
692,692,692,6.3212733233057365,104
693,693,693,2.9846341328628685,232
694,694,694,2.8838334518320057,245
695,695,695,6.044411860698602,23
696,696,696,2.05586933068073,505
697,697,697,4.186070185544805,167
698,698,698,4.137877308841444,165
699,699,699,5.1488160566409436,118
700,700,700,2.573962479936267,197
701,701,701,5.516584034306972,59
702,702,702,0.0,0
703,703,703,6.134632404713623,93
704,704,704,6.532633648423071,77
705,705,705,7.003455900531905,48
706,706,706,2.045609801755094,316
707,707,707,9.210301217821858,95
708,708,708,16.682917442079404,27
709,709,709,5.6761684975255235,64
710,710,710,8.415770748389031,9
711,711,711,2.4988612940381847,345
712,712,712,5.071766172304793,39
713,713,713,2.1381363111669485,278
714,714,714,2.5221541351540075,361
715,715,715,3.722237908695015,11
716,716,716,2.7438479409169974,13
717,717,717,4.218189419844673,131
718,718,718,8.716929316709196,39
719,719,719,0.0,0
720,720,720,5.095386521803613,192
721,721,721,15.774504541787795,31
722,722,722,2.3832275076072675,286
723,723,723,4.22729045050218,132
724,724,724,3.939084937644709,133
725,725,725,0.0,0
726,726,726,8.874273995920579,94
727,727,727,7.332167986611112,13
728,728,728,2.4913172425304064,358
729,729,729,3.8626311199451835,183
730,730,730,7.720203793551152,79
731,731,731,3.2752866667320317,241
732,732,732,4.564287181263328,19
733,733,733,1.1881313131313131,1
734,734,734,2.4471511058117192,311
735,735,735,2.3605406174657486,263
736,736,736,3.7049492164032665,177
737,737,737,1.9043086141805263,259
738,738,738,6.140225896150472,187
739,739,739,2.811157993947436,516
740,740,740,8.840071648739391,73
741,741,741,4.244098732095212,15
742,742,742,4.96996725468721,19
743,743,743,2.259032710434251,317
744,744,744,3.1815007414498315,24
745,745,745,3.909390316395585,16
746,746,746,3.6617625105500036,133
747,747,747,9.08650004607647,63
748,748,748,3.8069662787913723,132
749,749,749,3.2534865975897636,841
750,750,750,3.2081882167108318,227
751,751,751,2.8024884949101745,845
752,752,752,4.171661109350121,288
753,753,753,3.0225553235536493,934
754,754,754,3.024896131910048,824
755,755,755,3.5743138911011787,513
756,756,756,5.961695843589755,184
757,757,757,3.585973182122784,399
758,758,758,2.524688393609974,378
759,759,759,2.5483580040919365,846
760,760,760,2.7357017167508184,292
761,761,761,3.4138103798771637,361
762,762,762,2.8710251030871783,596
763,763,763,3.6573334100202257,517
764,764,764,2.7107433541402166,941
765,765,765,3.2119733298657964,624
766,766,766,3.788414710605715,408
767,767,767,8.146130056616451,184
768,768,768,7.2671858391904065,130
769,769,769,2.122119410842864,705
770,770,770,18.13536622940166,47
771,771,771,3.7059516125939966,830
772,772,772,3.2365241328204464,530
773,773,773,2.793039486044289,807
774,774,774,2.244834747280854,862
775,775,775,3.5399598006531234,401
776,776,776,4.500534833304148,163
777,777,777,2.576774689915017,905
778,778,778,17.71721322688059,16
779,779,779,3.7002793577162376,98
780,780,780,17.186619564039553,43
781,781,781,6.261853300010654,173
782,782,782,15.958278376553993,37
783,783,783,2.8748070252121187,175
784,784,784,12.271525008923463,149
785,785,785,3.2553692304240687,273
786,786,786,2.2668329226663264,107
787,787,787,12.34804048276007,147
788,788,788,2.1909975735480423,107
789,789,789,3.860027357617759,335
790,790,790,2.0366429493020517,776
791,791,791,2.544174912963559,319
792,792,792,2.1664952310792573,781
793,793,793,2.4828047691061483,239
794,794,794,7.044277850772416,6
795,795,795,0.0,0
796,796,796,3.127710901991684,307
797,797,797,3.511050114122483,111
798,798,798,3.136264609593604,105
799,799,799,2.823212600856049,153
800,800,800,1.617977843383402,72
801,801,801,2.2067667952090138,118
802,802,802,3.288855418218052,306
803,803,803,2.8619498188206585,304
804,804,804,4.07974217458277,377
805,805,805,3.457363101938092,135
806,806,806,2.5216479162995853,264
807,807,807,13.243499776498313,85
808,808,808,8.321380094336602,17
809,809,809,9.220667388519324,105
810,810,810,2.5138191340660496,224
811,811,811,2.470268939068808,261
812,812,812,37.07291666666666,1
813,813,813,4.751143102493753,32
814,814,814,3.1148134367481424,332
815,815,815,4.319111850857284,169
816,816,816,2.6026368071551342,252
817,817,817,3.0263790373925064,272
818,818,818,7.997766569874058,9
819,819,819,2.3342153509177286,168
820,820,820,8.409427747912941,18
821,821,821,15.705957040643876,99
822,822,822,5.895256162980473,59
823,823,823,76.16383407833118,6
824,824,824,12.167478040384074,115
825,825,825,3.882143979187578,15
826,826,826,2.5680644446806222,186
827,827,827,7.218208367079562,179
828,828,828,2.6026245598663493,144
829,829,829,2.9817101579827003,254
830,830,830,2.660876137531,586
831,831,831,2.1970857620048974,862
832,832,832,4.6990925555779794,131
833,833,833,9.052553778109953,29
834,834,834,3.0620712462841597,202
835,835,835,37.07291666666666,1
836,836,836,8.638071331482806,14
837,837,837,9.274400102037779,64
838,838,838,5.609108304786076,21
839,839,839,0.0,0
840,840,840,2.512300087593566,5
841,841,841,3.1815007414498315,24
842,842,842,0.0,0
843,843,843,2.2196491407150782,295
844,844,844,0.0,0
845,845,845,0.0,0
846,846,846,0.0,0
847,847,847,6.122176675344233,43
848,848,848,3.5934374537863434,181
849,849,849,6.509780412466097,471
850,850,850,6.4033738097986745,543
851,851,851,11.835377424246824,348
852,852,852,7.379911444895855,351
853,853,853,3.7053960356578624,269
854,854,854,4.4042471936963965,400
855,855,855,5.698843228281553,273
856,856,856,9.026567942127473,342
857,857,857,5.695583467530887,151
858,858,858,4.159955967373973,294
859,859,859,7.534178526429295,278
860,860,860,8.340380002381412,261
861,861,861,3.164264581968566,372
862,862,862,3.6427098808327854,434
863,863,863,9.622722901189242,270
864,864,864,4.114778182272425,269
865,865,865,11.631552411295168,256
866,866,866,2.873292966155582,386
867,867,867,6.443898395097808,249
868,868,868,7.901370287683816,352
869,869,869,8.60072921629739,396
870,870,870,17.000839140538815,337
871,871,871,6.351000601007067,95
872,872,872,15.592678312776188,104
873,873,873,4.423847739362294,439
874,874,874,6.395205476342918,201
875,875,875,5.686807320312267,96
876,876,876,3.653372749636703,360
877,877,877,4.769099908478001,266
878,878,878,7.1181820759349295,200
879,879,879,7.0418849319068535,189
880,880,880,5.616496060622669,254
881,881,881,3.183589736842868,381
882,882,882,10.954427964018302,148
883,883,883,10.2833939608639,205
884,884,884,3.4798429141372837,262
885,885,885,12.196556184117368,189
886,886,886,3.4456363216644115,304
887,887,887,2.8087054237500473,299
888,888,888,6.4335098905167705,203
889,889,889,5.335811898122422,489
890,890,890,3.5131681821321563,365
891,891,891,6.896645768801526,317
892,892,892,6.804768076023373,311
893,893,893,8.4768556278826,382
894,894,894,11.079772827926854,236
895,895,895,5.272507461478805,197
896,896,896,6.761239072699225,138
897,897,897,3.1365390924137166,246
898,898,898,4.519619684531297,401
899,899,899,6.4251727558082825,216
900,900,900,3.154367816879632,455
901,901,901,6.542683402965929,122
902,902,902,8.46187781399555,211
903,903,903,3.6708377932280447,224
904,904,904,3.4489632090772657,476
905,905,905,8.116547416334756,182
906,906,906,4.429043074736214,256
907,907,907,6.0191986261056485,256
908,908,908,6.806406107680094,201
909,909,909,3.3206845611953337,189
910,910,910,3.840133509886848,202
911,911,911,4.972854119014639,239
912,912,912,6.226229691479486,336
913,913,913,4.5444203905987965,449
914,914,914,7.368892924910412,160
915,915,915,4.206751670456792,386
916,916,916,2.576915894231119,351
917,917,917,5.2560489519653135,80
918,918,918,3.3478684371537977,379
919,919,919,3.937253836572032,81
920,920,920,5.937368924080089,246
921,921,921,19.631177179289878,72
922,922,922,4.6074301749162805,227
923,923,923,9.536091836691211,75
924,924,924,17.803802702266886,53
925,925,925,9.646525329580324,73
926,926,926,4.988802454335358,154
927,927,927,7.343816391664934,82
928,928,928,16.421385379577107,49
929,929,929,3.6314228091440897,309
930,930,930,17.137578703606245,32
931,931,931,6.738439785216618,192
932,932,932,11.805513916595032,39
933,933,933,27.55303910124432,7
934,934,934,11.578847941793654,138
935,935,935,10.485718477515759,91
936,936,936,3.9610667119044223,192
937,937,937,2.8998155476887435,368
938,938,938,25.448695132720374,9
939,939,939,3.2822859280223957,314
940,940,940,9.846447880867604,67
941,941,941,2.9482445206276564,380
942,942,942,11.874588008789644,102
943,943,943,3.567724486117644,276
944,944,944,6.798916665607023,182
945,945,945,12.05025169326406,31
946,946,946,24.09696825169773,26
947,947,947,9.949823751586155,107
948,948,948,2.6657106446491383,394
949,949,949,12.420689500023803,113
950,950,950,3.109558576538636,366
951,951,951,2.698491330668385,331
952,952,952,2.7067385405096047,347
953,953,953,10.73055073302266,152
954,954,954,10.699437672285214,148
955,955,955,3.6677040065051534,385
956,956,956,9.6295659121907,45
957,957,957,5.73684392257486,41
958,958,958,11.83592892188633,51
959,959,959,12.148119824477297,37
960,960,960,4.8420898739864215,290
961,961,961,5.3728048128697266,262
962,962,962,11.226474864519997,42
963,963,963,4.087408466822349,428
964,964,964,8.849868176618896,175
965,965,965,11.069964135155244,176
966,966,966,5.9306706138262815,220
967,967,967,16.00568112952147,40
968,968,968,5.9911703632575275,167
969,969,969,4.562503117122757,279
970,970,970,12.499763876650816,47
971,971,971,28.272100729047786,35
972,972,972,3.4926184517828602,17
973,973,973,8.904663897753618,104
974,974,974,11.038534960827285,12
975,975,975,12.335118919509867,30
976,976,976,8.508458461995936,32
977,977,977,3.2912104343714135,336
978,978,978,22.921632246574365,20
979,979,979,11.008479246399217,37
980,980,980,3.9053000126795667,164
981,981,981,3.694989532653807,278
982,982,982,3.2815342150016544,392
983,983,983,5.188305620137909,46
984,984,984,13.81527669398628,41
985,985,985,11.451528189823422,70
986,986,986,6.692911260011406,168
987,987,987,5.260761830322688,183
988,988,988,3.5979212022627847,225
989,989,989,12.79175522822458,22
990,990,990,25.038118686868682,2
991,991,991,14.0761094643724,32
992,992,992,6.7910040761087895,183
993,993,993,4.0259581544604846,240
994,994,994,4.782821269780944,29
995,995,995,2.142142367548334,11
996,996,996,7.259201537214684,78
997,997,997,6.047489501158801,160
998,998,998,5.842982068007432,155
999,999,999,13.368065917677104,138
1000,1000,1000,4.420685333619429,171
1001,1001,1001,3.5051888607813777,295
1002,1002,1002,10.593643977729114,90
1003,1003,1003,3.1678094847855736,379
1004,1004,1004,10.370007482959505,50
1005,1005,1005,11.50765473195756,13
1006,1006,1006,32.3569661787823,12
1007,1007,1007,25.256697132616488,5
1008,1008,1008,9.446257617106557,98
1009,1009,1009,4.013409906110116,243
1010,1010,1010,14.949644548390653,225
1011,1011,1011,17.72342577522688,210
1012,1012,1012,9.627599605130053,26
1013,1013,1013,10.104064572679654,33
1014,1014,1014,6.536365313938942,39
1015,1015,1015,27.788968785703357,8
1016,1016,1016,10.440303924701329,203
1017,1017,1017,6.626983665438344,143
1018,1018,1018,10.733113483779539,43
1019,1019,1019,10.958266587867877,25
1020,1020,1020,4.374874875838784,193
1021,1021,1021,2.886255082210712,350
1022,1022,1022,14.723284632650554,18
1023,1023,1023,7.286161070115435,69
1024,1024,1024,23.716410036361914,31
1025,1025,1025,12.217969809119802,54
1026,1026,1026,24.4545815995718,45
1027,1027,1027,9.26897038626494,64
1028,1028,1028,4.028621567708472,239
1029,1029,1029,19.41375902452797,19
1030,1030,1030,14.343251310287625,152
1031,1031,1031,7.499477319407589,108
1032,1032,1032,3.647662137807145,423
1033,1033,1033,9.557963942568213,42
1034,1034,1034,13.868420646507044,63
1035,1035,1035,3.0110739766457035,224
1036,1036,1036,4.2653443442029335,147
1037,1037,1037,2.5181464483690337,373
1038,1038,1038,6.561645259762379,32
1039,1039,1039,11.650379108728972,75
1040,1040,1040,2.7322900770349903,391
1041,1041,1041,4.67146199368895,49
1042,1042,1042,5.619668582422963,220
1043,1043,1043,6.569012562891772,18
1044,1044,1044,24.27661608335157,8
1045,1045,1045,3.0815447008105896,156
1046,1046,1046,10.804568614406818,90
1047,1047,1047,6.934503281610564,142
1048,1048,1048,38.233670179902134,40
1049,1049,1049,7.606518252584954,133
1050,1050,1050,2.7508255000655297,250
1051,1051,1051,34.65785661831783,14
1052,1052,1052,2.7863486570187472,420
1053,1053,1053,5.608892581628991,116
1054,1054,1054,5.90916453929722,51
1055,1055,1055,3.682640265191383,356
1056,1056,1056,2.6602085776028184,375
1057,1057,1057,5.475653845346455,43
1058,1058,1058,0.4259562841530055,1
1059,1059,1059,6.263517277918633,153
1060,1060,1060,4.41860408192117,215
1061,1061,1061,4.483050511141759,157
1062,1062,1062,14.554760752688171,5
1063,1063,1063,9.72702375383336,3
1064,1064,1064,3.7977305033381565,315
1065,1065,1065,3.135941371697528,220
1066,1066,1066,4.230226488887332,291
1067,1067,1067,3.0325983182140965,417
1068,1068,1068,3.1631864951451765,266
1069,1069,1069,5.176512175843275,172
1070,1070,1070,15.47517055266439,19
1071,1071,1071,3.0732069557389647,225
1072,1072,1072,2.560059685866932,99
1073,1073,1073,2.169710808851226,26
1074,1074,1074,11.900539822781065,109
1075,1075,1075,8.197033259394873,117
1076,1076,1076,1.6564334626926287,3
1077,1077,1077,3.057939375067368,454
1078,1078,1078,3.854567763206756,241
1079,1079,1079,2.886429566512648,358
1080,1080,1080,2.796974098491324,351
1081,1081,1081,2.744089509749286,375
1082,1082,1082,13.574337801202393,163
1083,1083,1083,7.3834238814698825,185
1084,1084,1084,3.879396378865723,276
1085,1085,1085,4.996101023057702,138
1086,1086,1086,4.714039641543488,146
1087,1087,1087,17.467006430918254,35
1088,1088,1088,9.493394296663453,60
1089,1089,1089,3.1753575759767867,289
1090,1090,1090,6.275104690494772,205
1091,1091,1091,2.5006848979793768,51
1092,1092,1092,6.509718195110483,176
1093,1093,1093,11.748663703888445,148
1094,1094,1094,4.139836652282535,245
1095,1095,1095,8.423808592041762,102
1096,1096,1096,9.583262256132166,26
1097,1097,1097,6.515278763484393,86
1098,1098,1098,3.2010693766412763,35
1099,1099,1099,14.725908887145813,8
1100,1100,1100,4.5154070804101565,45
1101,1101,1101,18.943344734588052,6
1102,1102,1102,3.0906052028899773,389
1103,1103,1103,9.299854490895843,92
1104,1104,1104,3.922557516572508,208
1105,1105,1105,15.165227509683378,46
1106,1106,1106,22.104214002909735,28
1107,1107,1107,11.917526304317455,102
1108,1108,1108,16.368127477142195,37
1109,1109,1109,3.6258153839388862,371
1110,1110,1110,12.336596396779616,26
1111,1111,1111,3.1237961986939418,387
1112,1112,1112,3.493414943555056,204
1113,1113,1113,2.8975438996847345,318
1114,1114,1114,4.07680789960207,441
1115,1115,1115,3.7120983441610425,329
1116,1116,1116,8.686528177479888,106
1117,1117,1117,5.477493499357604,138
1118,1118,1118,11.323597589480233,42
1119,1119,1119,6.725750601091889,222
1120,1120,1120,2.6562826010913443,219
1121,1121,1121,11.686514857816414,37
1122,1122,1122,3.4470594672611035,246
1123,1123,1123,15.536485747759151,55
1124,1124,1124,3.4761615826139467,288
1125,1125,1125,2.5492669438850153,123
1126,1126,1126,13.419143417150064,217
1127,1127,1127,5.681482494948384,148
1128,1128,1128,3.9839068342434816,111
1129,1129,1129,3.9976042929905766,145
1130,1130,1130,4.888400025959228,133
1131,1131,1131,4.335511523265969,171
1132,1132,1132,10.220203110683851,45
1133,1133,1133,10.481606702382397,16
1134,1134,1134,4.701447169702023,43
1135,1135,1135,11.12001912835025,39
1136,1136,1136,8.8445713426561,43
1137,1137,1137,6.088377481864552,146
1138,1138,1138,11.13335137671927,67
1139,1139,1139,9.76962093467484,54
1140,1140,1140,3.1422004241569184,11
1141,1141,1141,2.952903139378176,43
1142,1142,1142,13.27623127461602,52
1143,1143,1143,4.685694851964545,172
1144,1144,1144,7.624649272378178,139
1145,1145,1145,3.2321965609826053,97
1146,1146,1146,4.286102827687961,302
1147,1147,1147,2.641235305732251,30
1148,1148,1148,2.5921514493602453,249
1149,1149,1149,7.833475481292955,111
1150,1150,1150,4.982192977174001,128
1151,1151,1151,25.602750892961172,37
1152,1152,1152,5.700608389363778,28
1153,1153,1153,3.6814437131116415,74
1154,1154,1154,3.3112567718070505,97
1155,1155,1155,3.387446017448367,51
1156,1156,1156,20.367567621113626,12
1157,1157,1157,7.988778100736003,135
1158,1158,1158,3.8068177750695136,10
1159,1159,1159,3.2660408310805513,65
1160,1160,1160,11.379736198838895,17
1161,1161,1161,8.545068108793918,71
1162,1162,1162,3.4521215519121635,49
1163,1163,1163,4.6123533560139816,11
1164,1164,1164,7.50769185199333,31
1165,1165,1165,2.545837104730737,408
1166,1166,1166,4.5074592547593335,166
1167,1167,1167,11.680810987363744,32
1168,1168,1168,2.31464297677712,389
1169,1169,1169,3.5218383212860043,336
1170,1170,1170,2.462864866074568,64
1171,1171,1171,15.278055415406337,59
1172,1172,1172,3.0499367453529374,309
1173,1173,1173,16.376221371440767,41
1174,1174,1174,6.32572291200941,58
1175,1175,1175,7.176983049577508,34
1176,1176,1176,4.668652476643373,127
1177,1177,1177,3.114408498723278,13
1178,1178,1178,26.513257575757574,4
1179,1179,1179,8.200937642422396,114
1180,1180,1180,2.098342487994997,55
1181,1181,1181,23.409609221256375,38
1182,1182,1182,3.8183003162834206,194
1183,1183,1183,2.642302331174816,402
1184,1184,1184,4.180874219126239,433
1185,1185,1185,3.2325817378323145,178
1186,1186,1186,8.521798570980685,100
1187,1187,1187,2.6424219487224194,179
1188,1188,1188,2.7050074433272235,399
1189,1189,1189,2.2835212188428886,41
1190,1190,1190,3.493436532296728,336
1191,1191,1191,0.2435336976320583,2
1192,1192,1192,3.5448912425549284,269
1193,1193,1193,25.304700271242066,9
1194,1194,1194,3.882143979187578,15
1195,1195,1195,5.188626725531985,198
1196,1196,1196,9.868132734622815,80
1197,1197,1197,4.139211124673518,169
1198,1198,1198,24.97515004849937,25
1199,1199,1199,2.9576509026465527,162
1200,1200,1200,9.941539001466461,95
1201,1201,1201,7.9996712403953625,77
1202,1202,1202,10.001542748564633,146
1203,1203,1203,3.3098162752393687,115
1204,1204,1204,3.3912778358510502,201
1205,1205,1205,20.94715329741613,35
1206,1206,1206,4.451986919438599,39
1207,1207,1207,12.012865964709153,50
1208,1208,1208,3.1149789224293194,8
1209,1209,1209,4.2644831084029615,100
1210,1210,1210,9.123932440779818,53
1211,1211,1211,3.955990760813481,261
1212,1212,1212,7.698400164489592,128
1213,1213,1213,3.261084041495222,11
1214,1214,1214,7.721886522529541,43
1215,1215,1215,6.324719810650174,82
1216,1216,1216,2.3593896505189864,57
1217,1217,1217,10.411223532616349,56
1218,1218,1218,3.116816007531317,284
1219,1219,1219,21.27447173679712,28
1220,1220,1220,9.510885673079002,41
1221,1221,1221,1.820405730360308,63
1222,1222,1222,4.396929413604707,61
1223,1223,1223,9.064170428593396,169
1224,1224,1224,9.02437979551774,11
1225,1225,1225,4.5057015121825,197
1226,1226,1226,1.325283430352805,4
1227,1227,1227,6.06589870191445,142
1228,1228,1228,4.873886014477762,99
1229,1229,1229,2.7587516966627823,264
1230,1230,1230,3.5071123204744388,35
1231,1231,1231,3.5230836937782795,243
1232,1232,1232,6.6452172351546,175
1233,1233,1233,7.431813116011032,87
1234,1234,1234,20.600295358069943,11
1235,1235,1235,7.915926470356353,193
1236,1236,1236,1.9324924473983127,73
1237,1237,1237,5.923661369626894,142
1238,1238,1238,3.836093664067212,330
1239,1239,1239,5.952564159830785,41
1240,1240,1240,5.450897103998577,127
1241,1241,1241,3.4942214311519906,10
1242,1242,1242,1.5169868629304102,27
1243,1243,1243,2.0328429895882936,20
1244,1244,1244,3.8248199259579776,247
1245,1245,1245,5.923796305501092,71
1246,1246,1246,6.9601294319005405,41
1247,1247,1247,4.6904893509155245,93
1248,1248,1248,5.5013766411929526,208
1249,1249,1249,4.2969354274886165,432
1250,1250,1250,4.612635861196137,291
1251,1251,1251,7.790135085921249,78
1252,1252,1252,7.366836660689333,56
1253,1253,1253,4.038786922651654,59
1254,1254,1254,21.746602203087683,40
1255,1255,1255,4.571148849195266,26
1256,1256,1256,2.535690630408346,420
1257,1257,1257,3.4508939901624136,96
1258,1258,1258,1.6253395859011002,26
1259,1259,1259,8.339276739595496,47
1260,1260,1260,1.3408558677978084,2
1261,1261,1261,3.9589184755708033,252
1262,1262,1262,7.029808221634102,33
1263,1263,1263,3.2355507868075932,260
1264,1264,1264,2.76781422070718,158
1265,1265,1265,8.030548608646248,108
1266,1266,1266,3.4844418558532624,214
1267,1267,1267,11.117650760981311,21
1268,1268,1268,5.967151023080034,205
1269,1269,1269,5.403304495483327,130
1270,1270,1270,4.154167074775309,49
1271,1271,1271,7.998230597336758,91
1272,1272,1272,20.229166666666668,4
1273,1273,1273,6.12708047631362,20
1274,1274,1274,11.921205411229018,24
1275,1275,1275,3.5331879799648678,95
1276,1276,1276,16.81224717431299,45
1277,1277,1277,8.239743039691342,128
1278,1278,1278,3.614686039926798,265
1279,1279,1279,1.651190680176583,14
1280,1280,1280,3.054983448595186,150
1281,1281,1281,38.53617718786109,12
1282,1282,1282,5.617625053578979,45
1283,1283,1283,5.8254985139329705,138
1284,1284,1284,3.5935884460867435,127
1285,1285,1285,9.411884527127256,26
1286,1286,1286,5.34866110228823,199
1287,1287,1287,4.669387622051219,135
1288,1288,1288,6.855035600233794,14
1289,1289,1289,5.137278561848778,270
1290,1290,1290,2.7685137120171106,6
1291,1291,1291,8.698453143006471,99
1292,1292,1292,9.64075909186804,113
1293,1293,1293,5.660091090295304,89
1294,1294,1294,3.8934075973097366,8
1295,1295,1295,6.661771805897403,43
1296,1296,1296,12.870819674735225,142
1297,1297,1297,4.9083063885528215,209
1298,1298,1298,5.606228524721834,31
1299,1299,1299,3.673603778426333,74
1300,1300,1300,2.398791182434312,55
1301,1301,1301,1.8123294359501885,25
1302,1302,1302,2.66584139902185,145
1303,1303,1303,1.4869275290091986,30
1304,1304,1304,4.033939638945622,183
1305,1305,1305,5.153930581547666,34
1306,1306,1306,2.8693958133088646,134
1307,1307,1307,6.0735397755528995,39
1308,1308,1308,5.7637693039524365,139
1309,1309,1309,8.40903997583629,73
1310,1310,1310,3.5935929385147736,208
1311,1311,1311,1.7017198534304618,33
1312,1312,1312,3.1331636360335064,40
1313,1313,1313,2.3829021587232604,53
1314,1314,1314,7.195371990747818,124
1315,1315,1315,3.656769694485413,187
1316,1316,1316,2.0229325557223548,37
1317,1317,1317,2.4801191525691846,94
1318,1318,1318,3.270604363250793,145
1319,1319,1319,3.635513541952563,45
1320,1320,1320,3.0761484523218727,259
1321,1321,1321,5.2051829173044535,73
1322,1322,1322,4.759911363034506,168
1323,1323,1323,3.7189217242793196,120
1324,1324,1324,5.119883144660686,38
1325,1325,1325,0.0,0
1326,1326,1326,3.632589504783737,333
1327,1327,1327,9.13500651218224,117
1328,1328,1328,3.788990973031391,229
1329,1329,1329,18.140277777777783,4
1330,1330,1330,10.745047643580929,21
1331,1331,1331,8.145164286551829,74
1332,1332,1332,2.583523325455593,43
1333,1333,1333,2.5658938743942414,95
1334,1334,1334,3.4656261808020776,167
1335,1335,1335,6.4395750965510485,178
1336,1336,1336,8.039077576436362,175
1337,1337,1337,32.579166666666666,2
1338,1338,1338,2.652358016534923,122
1339,1339,1339,2.310851831149848,40
1340,1340,1340,5.080490523204093,8
1341,1341,1341,3.964136681701393,385
1342,1342,1342,2.825790112517137,195
1343,1343,1343,8.65003105692138,25
1344,1344,1344,5.2546339711622565,37
1345,1345,1345,3.4490789964387862,123
1346,1346,1346,4.887364382294682,101
1347,1347,1347,1.9676433404220088,31
1348,1348,1348,5.4380426934797965,77
1349,1349,1349,4.385801781427953,160
1350,1350,1350,4.900038078641772,172
1351,1351,1351,3.1874518447205995,169
1352,1352,1352,4.0391712510373265,146
1353,1353,1353,3.5168686821431208,33
1354,1354,1354,0.0,0
1355,1355,1355,5.2930279634865265,161
1356,1356,1356,3.9589643549157887,150
1357,1357,1357,2.9705940268857267,17
1358,1358,1358,5.875426336765258,27
1359,1359,1359,2.3775855898527696,44
1360,1360,1360,5.517205534771931,97
1361,1361,1361,3.877575943569935,308
1362,1362,1362,3.058257302706437,252
1363,1363,1363,1.793782229300544,49
1364,1364,1364,3.0263226813389865,242
1365,1365,1365,17.656706278470985,5
1366,1366,1366,2.943367616100109,92
1367,1367,1367,3.5725581494647285,21
1368,1368,1368,3.5100164105694334,216
1369,1369,1369,2.962218540127145,301
1370,1370,1370,9.390335341306312,4
1371,1371,1371,1.8565910529154124,48
1372,1372,1372,2.5698375132972453,79
1373,1373,1373,1.4795271297351968,31
1374,1374,1374,1.6770448880313038,6
1375,1375,1375,2.739162096271594,102
1376,1376,1376,6.987406742680624,52
1377,1377,1377,9.945693248542613,202
1378,1378,1378,10.135449845668383,192
1379,1379,1379,19.03407869130169,29
1380,1380,1380,3.520647654298088,329
1381,1381,1381,16.941734378279968,27
1382,1382,1382,5.394456497840466,239
1383,1383,1383,3.4979699436124747,382
1384,1384,1384,7.039861542893619,203
1385,1385,1385,3.4752497532783213,377
1386,1386,1386,5.546034067218274,215
1387,1387,1387,4.7108902000150445,252
1388,1388,1388,3.7640034732077874,374
1389,1389,1389,3.7928113669373182,162
1390,1390,1390,4.438908680478792,273
1391,1391,1391,2.8275057369145764,356
1392,1392,1392,7.4906381583963775,131
1393,1393,1393,7.4390177223653495,139
1394,1394,1394,4.49715413885783,241
1395,1395,1395,5.510460107724152,70
1396,1396,1396,10.104386756504248,93
1397,1397,1397,11.542647757682193,89
1398,1398,1398,3.883516610910116,153
1399,1399,1399,9.780386928479082,119
1400,1400,1400,8.484633773625108,95
1401,1401,1401,5.99789866447531,164
1402,1402,1402,4.708088376074757,164
1403,1403,1403,4.544020265107122,255
1404,1404,1404,22.48848617232068,12
1405,1405,1405,14.213262759793455,105
1406,1406,1406,19.14023685289787,29
1407,1407,1407,10.116514260455864,41
1408,1408,1408,3.6462186463608464,257
1409,1409,1409,7.705258258964389,90
1410,1410,1410,10.170458161743737,31
1411,1411,1411,3.7518185876598977,279
1412,1412,1412,4.071224503668291,273
1413,1413,1413,7.549737866586567,59
1414,1414,1414,7.923719239691162,36
1415,1415,1415,4.230112374760837,71
1416,1416,1416,22.49181738631091,11
1417,1417,1417,10.450927350708993,33
1418,1418,1418,20.33072320344349,6
1419,1419,1419,3.8768788177966607,230
1420,1420,1420,18.81611919049564,62
1421,1421,1421,3.0580722905616686,241
1422,1422,1422,19.105456035698523,21
1423,1423,1423,3.9597046636439406,225
1424,1424,1424,3.0347424267929863,393
1425,1425,1425,3.573432490658069,280
1426,1426,1426,13.11107345890068,12
1427,1427,1427,13.514893935669052,97
1428,1428,1428,8.156850165588029,182
1429,1429,1429,3.6137130420035386,172
1430,1430,1430,2.7606304580462684,373
1431,1431,1431,3.5035342537756105,318
1432,1432,1432,6.3505318597815315,186
1433,1433,1433,1.2086291559030424,17
1434,1434,1434,8.569130981757443,13
1435,1435,1435,9.639712863688176,107
1436,1436,1436,4.670977038174566,211
1437,1437,1437,3.7136163175862538,173
1438,1438,1438,4.390781399294863,215
1439,1439,1439,2.349624387430465,173
1440,1440,1440,2.6490313458392767,271
1441,1441,1441,5.733479000825617,153
1442,1442,1442,11.371439394476775,11
1443,1443,1443,12.214205218801572,130
1444,1444,1444,6.627362894940507,35
1445,1445,1445,3.5961648548630567,29
1446,1446,1446,2.8703739050656782,309
1447,1447,1447,6.729116378533341,19
1448,1448,1448,10.176993248885104,46
1449,1449,1449,10.769373523820144,60
1450,1450,1450,9.252913393847967,9
1451,1451,1451,2.966419044014209,254
1452,1452,1452,9.913477353684755,10
1453,1453,1453,26.887783733517427,9
1454,1454,1454,4.1786203285639445,127
1455,1455,1455,7.32358356441455,76
1456,1456,1456,1.637944017250203,45
1457,1457,1457,5.425011155477764,9
1458,1458,1458,11.28369189785785,127
1459,1459,1459,3.1985124263930613,275
1460,1460,1460,8.177979037423647,93
1461,1461,1461,4.176740117297432,179
1462,1462,1462,1.772304461305101,62
1463,1463,1463,2.938748731969877,199
1464,1464,1464,2.9919767117875637,190
1465,1465,1465,2.9130733275622323,254
1466,1466,1466,3.521136385214921,142
1467,1467,1467,5.777098442820065,79
1468,1468,1468,2.9567227740123068,42
1469,1469,1469,7.229785250343238,149
1470,1470,1470,1.6604088076916081,43
1471,1471,1471,3.0470715880907315,395
1472,1472,1472,5.636297030576628,205
1473,1473,1473,3.3882985865611266,265
1474,1474,1474,4.207075340907915,71
1475,1475,1475,3.2952160330682005,158
1476,1476,1476,15.151085442650286,97
1477,1477,1477,3.9958356836296964,198
1478,1478,1478,5.120021390103826,188
1479,1479,1479,7.9540731926181945,87
1480,1480,1480,3.6502407117918394,25
1481,1481,1481,3.0884075808108236,239
1482,1482,1482,3.91700094168495,121
1483,1483,1483,6.418409617428117,83
1484,1484,1484,5.260543921225317,52
1485,1485,1485,3.8165081612682403,275
1486,1486,1486,2.8682362118452622,213
1487,1487,1487,4.761932736057389,137
1488,1488,1488,4.613388410840075,36
1489,1489,1489,3.358736896128077,178
1490,1490,1490,3.2393249378913307,263
